UCACCSD	YR	LOCATE	ROW	TREE	ShellIntegrity	ShellTexture	ShellColor	SEAL	ShellStrength	ShellThickness	PackingTissue	KernelFill	%TipShrivel	%MinorShrivel	%MajorShrivel	Plumpness	EaseOfRemoval	PercentKernel	%Blank
1	2017	New Stuke	3	17	7	5	6	5	6	1.5	5	5	0	33.33333333	16.66666667	4	5	42.73381295	40
1	2017	GB	3	2	7	5	5	5	5	1.4	5	5	11.11111111	0	0	5	5	50.42524653	10
1	2018	New Stuke	3	17	7	6	6	5	5	1.2	5	5	0	0	0	5	5	55.59689713	30
1	2018	GB	3	2	7	5	5	5	5	1.2	5	5	0	0	0	5	5	54.41495125	10
1	2019	New Stuke	3	17	7	6	5	5	5	1.2	5	5	0	0	0	5	4	51.42053862	30
1	2019	GB	3	2	7	6	5	5	5	1.2	5	5	0	0	0	5	5	55.6284585	0
1	2019	GB	3	2	7	6	5	5	5	1.2	5	5	0	0	0	5	5	54.01290866	0
1	2019	GB	3	2	7	6	5	5	5	1.2	5	5	0	0	0	5	4	54.3754126	0
1	2020	New Stuke	3	17	7	6	5	5	5	1.2	5	5	0	0	0	5	5	54.21506804	0
1	2020	GB	3	2	7	5	5	5	5	1.2	5	4	0	0	0	5	5	55.5089192	0
1	2021	New Stuke	3	17	7	5	5	5	5	1.2	5	6	0	0	0	5	5	51.78022414	0
1	2021	GB	3	2	7	5	5	5	5	1.2	5	6	0	0	0	5	5	50.79856259	0
2	2017	New Stuke	7	7	7	5	4	5	6	1.5	5	4	0	0	22.22222222	4	5	44.03865378	10
2	2017	GB	11	5	7	5	4	5	6	1.4	5	4	10	10	0	4	5	46.48876404	0
2	2018	New Stuke	7	7	7	5	4	5	6	1.4	5	4	0	0	0	4	6	45.5799373	0
2	2018	GB	11	5	7	6	4	5	6	1.5	5	4	0	0	0	4	5	47.30815589	0
2	2019	New Stuke	7	7	7	5	5	5	5	1.3	5	4	0	0	0	4	4	43.56038073	0
2	2019	GB	11	5	7	5	5	5	6	1.2	5	5	0	0	0	5	5	47.50745056	0
2	2019	GB	11	5	7	5	5	5	6	1.3	5	5	0	0	0	5	5	45.61571634	0
2	2019	GB	11	5	7	5	5	5	6	1.3	5	4	0	0	0	4	4	44.60493386	0
2	2020	New Stuke	7	7	7	5	5	5	6	1.3	5	6	0	0	0	5	5	45.58371173	0
2	2020	GB	11	5	7	5	5	5	6	1.3	5	4	0	0	0	5	5	48.88755262	0
2	2021	New Stuke	7	7	7	6	5	5	6	1.2	6	5	0	0	0	5	6	47.49664906	0
2	2021	GB	11	5	7	6	5	5	6	1.2	5	5	11.11111111	0	0	5	5	47.78657788	10
3	2017	New Stuke	9	6	7	6	5	5	6	1.4	5	5	0	0	0	4	5	46.57330787	0
3	2017	GB	13	3	7	6	4	5	5	1.4	5	4	0	0	0	5	5	49.20550038	0
3	2018	New Stuke	9	6	7	6	5	5	6	1.4	6	5	0	0	0	5	6	48.11684582	0
3	2018	GB	13	3	7	6	5	5	6	1.4	6	5	0	0	0	5	6	49.44584383	10
3	2019	New Stuke	9	6	7	6	5	5	5	1.3	6	5	0	0	0	4	5	46.8225606	0
3	2019	GB	13	3	7	6	5	5	6	1.4	6	5	0	0	0	5	5	43.59483615	0
3	2020	New Stuke	9	6	7	6	5	5	5	1.3	6	4	0	0	0	5	5	45.8840805	0
6	2018	New Stuke	1	17	7	5	4	5	5	1.2	5	5	0	0	0	3	5	52.01085222	0
6	2018	GB	1	1	7	5	5	5	5	1.2	5	5	0	0	0	3	6	51.49648651	0
6	2019	New Stuke	1	17	7	5	5	5	5	1.2	5	5	0	0	0	3	5	52.00924111	0
6	2019	GB	1	1	7	5	4	5	5	1.1	5	5	0	0	0	3	5	52.33449477	0
6	2020	New Stuke	1	17	7	5	5	5	5	1.2	5	5	0	10	0	4	4	50.71205544	0
6	2021	New Stuke	1	17	7	5	5	5	5	1.2	5	5	NA	NA	NA	NA	5	NA	0
6	2021	GB	1	1	7	5	5	5	5	1.2	5	5	NA	NA	NA	NA	5	52.3960739	0
48	2018	New Stuke	3	8	6	4	5	5	6	1.4	6	6	30	10	10	6	5	49.40528634	0
48	2018	GB	5	4	6	4	6	5	6	1.5	6	6	11.11111111	0	0	6	5	52.58928571	10
48	2019	New Stuke	3	8	7	5	5	5	5	1.2	6	6	10	0	0	6	5	52.71981326	0
48	2019	GB	5	4	7	5	6	5	6	1.2	6	6	10	0	0	6	5	53.30428468	0
54	2018	New Stuke	5	7	7	7	5	5	6	1.4	5	4	0	0	10	4	6	42.22510618	0
54	2018	GB	5	9	7	7	5	5	6	1.4	6	4	0	0	0	4	6	46.4240753	0
54	2019	New Stuke	5	7	7	5	5	5	5	1.2	6	5	10	0	0	5	6	46.70784291	0
54	2019	GB	5	9	7	5	5	5	5	1.2	6	5	10	0	0	4	6	47.52503908	0
54	2020	New Stuke	5	7	7	5	5	5	5	1.2	6	4	0	0	0	4	6	47.88615966	0
49-049	2017	New Stuke	5	9	7	5	5	5	5	1.3	5	6	0	0	10	5	5	44.81737414	0
49-049	2017	GB	7	3	7	5	5	5	5	1.3	5	6	0	0	0	5	5	52.43635035	0
49-049	2018	New Stuke	5	9	7	5	5	5	5	1.3	5	5	0	0	0	4	5	49.69627319	0
49-049	2018	GB	7	3	7	5	5	5	5	1.2	5	5	0	0	0	5	5	52.17203837	10
49-049	2019	New Stuke	5	9	7	5	5	5	5	1.2	5	5	0	0	0	4	5	50.08113291	10
49-049	2019	GB	7	3	7	5	5	5	5	1.2	5	5	0	0	0	4	5	53.3975219	0
49-049	2020	New Stuke	5	9	7	6	5	5	5	1.2	5	5	0	0	0	4	5	50.60177917	0
49-049	2020	GB	7	3	7	5	5	5	5	1.2	5	5	0	0	0	5	5	50.26871252	0
49-049	2021	New Stuke	5	9	7	6	5	5	5	1.2	5	5	0	0	0	5	5	49.67549553	0
49-049	2021	GB	7	3	7	6	5	5	5	1.2	5	5	0	0	0	5	5	47.71003091	0
53-113	2018	New Stuke	7	13	7	6	5	5	5	1.3	5	5	0	0	0	5	5	47.11832823	10
59-129	2017	New Stuke	3	14	5	6	5	5	5	1.3	5	5	0	0	0	6	5	56.84053449	10
59-129	2017	GB	5	3	7	6	5	5	5	1.3	5	5	0	0	0	6	5	57.24801812	0
59-129	2017	S505	50	1	7	7	6	5	5	1.2	5	6	0	0	0	6	5	57.99293623	10
59-129	2018	New Stuke	3	14	7	6	6	5	5	1.1	5	6	0	0	0	5	5	63.71420743	0
59-129	2018	GB	5	3	7	7	4	5	5	1	5	6	0	0	0	5	5	59.80492813	0
59-129	2018	S505	50	1	7	5	5	NA	NA	1.1	4	5	10	0	0	5	5	58.90957447	0
59-129	2018	Moore	1	5	7	5	5	5	5	1.1	4	6	0	0	0	5	4	59.07949791	0
59-129	2019	New Stuke	3	14	7	5	6	5	5	1.2	5	6	0	0	0	5	5	58.93945445	20
59-129	2019	GB	5	3	7	6	6	5	5	1.2	5	6	0	0	0	5	5	58.14546167	0
59-129	2021	New Stuke	3	14	7	6	5	5	5	1.1	5	6	NA	NA	NA	NA	5	59.42022941	10
59-129	2021	GB	5	3	7	6	5	5	5	1.1	5	5	NA	NA	NA	NA	5	63.23152573	0
59-129	2021	S505	50	1	7	6	5	5	5	1	5	6	0	0	0	6	5	63.30959938	0
64-172	2017	New Stuke	1	6	7	5	4	5	5	1.2	4	5	11.11111111	0	0	5	4	49.46515255	10
64-172	2017	GB	13	2	7	5	4	5	5	1.2	4	5	10	0	0	5	4	56.30052306	0
64-172	2017	S505	8	30	7	4	5	5	5	1.2	5	5	20	0	0	4	4	50.97263957	0
64-172	2017	S505	0	0	7	5	5	5	5	1.2	5	3	70	0	0	4	4	46.99421542	0
64-172	2017	Stolp	7	1	7	5	5	4	4	0.9	5	4	20	0	0	4	4	56.4513091	0
64-172	2017	Crane	99	99	7	5	5	5	5	1.2	4	4	70	0	0	4	4	48.32188265	0
64-172	2017	Norene	5	8	7	5	5	5	4	1.2	5	4	50	12.5	12.5	4	3	50.6879435	20
64-172	2018	New Stuke	1	6	7	5	5	5	5	1.3	6	5	0	0	0	4	5	48.25432415	0
64-172	2018	New Stuke	9	15	7	5	4	5	5	1.2	5	4	40	0	0	4	5	49.16405434	0
64-172	2018	GB	13	2	7	5	5	5	5	1.2	5	4	30	10	0	4	5	53.46575119	0
64-172	2018	Select Chico	3	10	7	5	4	5	5	1.3	4	4	50	0	0	4	4	43.24640849	0
64-172	2018	S505	8	30	7	5	4	5	5	1.2	4	3	50	0	0	4	3	46.09875613	0
64-172	2018	S505	0	0	7	5	3	5	5	1.2	4	4	90	0	0	4	4	46.96838082	0
64-172	2018	Stolp	7	1	7	5	4	5	5	1.4	4	4	40	0	0	4	4	45.96446929	0
64-172	2018	Gilbert	8	1	7	5	4	5	5	1.2	4	3	60	0	0	3	3	45.92807252	0
64-172	2019	New Stuke	1	6	7	4	4	5	5	1.2	5	5	0	0	0	5	5	45.32248184	0
64-172	2019	New Stuke	9	15	7	4	5	5	5	1.2	5	5	22.22222222	11.11111111	0	4	5	46.92107546	10
64-172	2019	GB	13	2	7	5	5	5	5	1.2	5	5	20	0	0	4	5	48.64342646	0
64-172	2019	GB	13	2	7	5	5	5	5	1.2	5	5	20	0	0	4	5	48.83395522	0
64-172	2019	GB	13	2	7	5	5	5	5	1.2	5	5	10	0	0	4	4	48.64190058	0
64-172	2019	Lampinen	6	24	7	5	5	5	6	1.2	5	5	16.66666667	0	0	4	5	46.73081993	0
64-172	2019	Lampinen	9	9	7	5	5	5	6	1.3	5	5	16.66666667	0	0	4	5	46.15502451	0
64-172	2019	Lampinen	9	9	7	5	5	5	6	1.2	5	4	50	0	0	4	5	43.3442623	0
64-172	2019	Lampinen	9	9	7	5	5	5	5	1.2	5	5	50	0	0	4	5	45.0547755	0
64-172	2019	Lampinen	9	9	7	5	5	5	5	1.2	5	4	16.66666667	0	0	4	5	43.77299002	0
64-172	2019	Lampinen	9	9	7	5	4	5	6	1.3	5	5	66.66666667	0	0	4	5	45.10442897	0
64-172	2019	Lampinen	8	19	7	5	5	5	6	1.3	5	4	16.66666667	0	0	4	5	45.18916088	0
64-172	2019	Lampinen	8	19	7	5	5	5	6	1.2	5	5	20	0	0	4	4	44.02479179	16.66666667
64-172	2019	Lampinen	8	19	7	4	5	5	5	1.3	5	5	33.33333333	0	0	4	5	46.17026955	0
64-172	2019	Lampinen	8	19	7	4	5	5	5	1.2	5	5	0	0	0	5	5	45.62671678	0
64-172	2019	Lampinen	8	19	7	4	4	5	5	1.3	5	5	0	0	0	4	5	45.57575758	0
64-172	2019	Lampinen	6	24	7	4	5	5	6	1.2	5	5	0	0	0	4	4	45.78661275	16.66666667
64-172	2019	Lampinen	6	24	7	5	5	5	6	1.2	5	4	0	0	0	4	5	46.3316722	0
64-172	2019	Lampinen	9	9	7	5	5	5	6	1.3	5	4	16.66666667	0	0	4	5	46.7619473	0
64-172	2019	Lampinen	8	19	7	4	5	5	5	1.2	5	4	33.33333333	0	0	4	5	45.37997214	0
64-172	2019	Lampinen	12	29	7	5	5	5	5	1.3	5	5	28.57142857	0	0	4	4	45.08883249	0
64-172	2019	Lampinen	12	29	7	5	5	5	5	1.2	5	5	60	0	0	4	4	48.56490541	0
64-172	2019	Lampinen	6	24	7	4	4	5	5	1.2	5	4	0	0	0	4	4	46.11183923	0
64-172	2019	Lampinen	9	9	7	5	5	5	6	1.3	5	5	10	0	0	5	5	46.86656903	0
64-172	2019	Lampinen	8	19	7	5	5	5	6	1.2	5	4	10	0	0	5	5	45.47049589	0
64-172	2019	Lampinen	6	24	7	5	5	5	6	1.2	5	5	20	0	0	5	5	45.98127688	0
64-172	2019	Lampinen	2	14	7	5	5	5	6	1.3	5	4	40	0	0	5	5	45.74575416	0
64-172	2019	Lampinen	12	29	7	5	4	5	6	1.2	5	5	10	0	0	5	5	47.31369151	0
64-172	2019	Lampinen	9	9	7	5	5	5	6	1.2	5	5	50	0	0	4	4	45.22062973	0
64-172	2019	Lampinen	12	29	7	4	5	5	6	1.2	5	5	16.66666667	0	0	4	4	44.06026963	0
64-172	2019	Lampinen	12	29	7	5	5	5	5	1.2	5	5	14.28571429	0	0	4	4	47.31244943	0
64-172	2019	Lampinen	9	9	7	5	5	5	6	1.3	5	5	28.57142857	0	0	4	5	43.89541857	0
64-172	2019	Lampinen	9	9	7	5	5	5	5	1.2	5	4	71.42857143	0	0	4	5	44.7347374	0
64-172	2019	Lampinen	6	24	7	4	5	5	5	1.2	5	4	33.33333333	0	0	4	4	44.42334141	14.28571429
64-172	2019	Lampinen	2	14	7	5	5	5	5	1.2	5	5	16.66666667	0	0	4	5	48.54074247	14.28571429
64-172	2019	Lampinen	12	29	7	5	5	5	6	1.2	5	4	0	0	0	4	4	46.2254395	0
64-172	2019	Lampinen	2	14	7	5	5	5	5	1.2	5	5	50	0	0	4	4	46.84954592	0
64-172	2019	Lampinen	12	29	7	4	4	5	5	1.2	5	4	0	0	0	4	5	43.22900527	33.33333333
64-172	2019	Lampinen	6	24	7	5	4	5	5	1.2	5	5	50	0	0	4	5	44.12582923	0
64-172	2019	Lampinen	6	24	7	5	5	5	5	1.2	5	5	0	0	0	5	4	47.92614215	25
64-172	2019	Lampinen	6	24	7	4	4	5	5	1.2	5	4	0	0	0	4	5	46.3648834	0
64-172	2019	Lampinen	2	14	7	5	5	5	6	1.3	5	5	0	0	0	5	5	48.49098643	0
64-172	2019	Lampinen	2	14	7	5	5	5	5	1.2	5	5	0	0	0	4	5	47.43036485	0
64-172	2019	Lampinen	2	14	7	4	5	5	5	1.2	5	5	100	0	0	4	4	45.67579313	0
64-172	2019	Lampinen	2	14	7	4	4	5	5	1.2	5	5	25	0	0	4	4	46.55587142	0
64-172	2019	Lampinen	2	14	7	5	5	5	6	1.3	5	5	0	0	0	5	5	44.79755179	0
64-172	2019	Lampinen	2	14	7	5	5	5	5	1.2	5	4	0	0	0	5	5	45.87389546	33.33333333
64-172	2019	Lampinen	12	29	7	5	5	5	5	1.2	5	5	0	0	0	4	5	46.9619757	0
64-172	2019	Lampinen	12	29	7	4	5	5	5	1.2	5	4	50	0	0	4	4	41.91944306	0
64-172	2019	Lampinen	6	24	7	5	5	5	5	1.2	5	5	0	0	0	3	5	42.27861771	0
64-172	2019	Lampinen	6	24	7	4	5	5	5	1.3	5	5	50	0	0	4	5	44.38554217	0
64-172	2019	Lampinen	2	14	7	5	5	5	6	1.2	5	5	0	0	0	4	5	47.1849866	0
64-172	2019	Lampinen	12	29	7	5	5	5	5	1.2	5	5	20	0	0	4	5	45.720423	0
64-172	2019	Lampinen	9	9	7	5	5	5	6	1.3	5	4	0	0	0	4	5	45.52147239	0
64-172	2019	Lampinen	2	14	7	5	5	5	5	1.2	5	4	50	0	0	4	4	44.38292964	0
64-172	2019	Lampinen	12	29	7	4	4	5	6	1.3	5	4	0	0	0	4	5	45.62005165	20
64-172	2019	Lampinen	6	24	7	5	5	5	5	1.3	5	5	25	0	0	4	5	47.02876609	0
64-172	2019	Lampinen	9	9	7	4	5	5	6	1.2	5	4	40	0	0	4	5	42.74002157	0
64-172	2019	Lampinen	8	19	7	5	5	5	6	1.3	5	4	0	0	0	4	5	45.88859416	0
64-172	2019	Lampinen	8	19	7	5	5	5	6	1.2	5	5	20	0	0	4	5	44.23997056	0
64-172	2019	Lampinen	2	14	7	5	5	5	5	1.2	5	5	20	0	0	4	5	47.01252236	0
64-172	2019	Lampinen	12	29	7	5	4	5	5	1.2	5	5	0	0	0	4	5	48.47996779	0
64-172	2019	Lampinen	9	9	7	5	3	5	5	1.2	5	5	0	0	0	4	5	45.78491443	0
64-172	2019	Lampinen	12	29	7	5	5	5	5	1.2	5	5	20	0	0	4	5	46.63997214	0
64-172	2019	Lampinen	8	19	7	5	5	5	6	1.3	5	5	0	0	0	4	5	46.71187834	0
64-172	2019	Lampinen	8	19	7	5	5	5	5	1.2	5	4	25	0	0	4	4	44.13302656	0
64-172	2019	Lampinen	8	19	7	5	4	5	5	1.2	5	5	50	0	0	4	4	47.54066615	0
64-172	2019	Lampinen	8	19	7	4	5	5	5	1.2	5	4	0	0	0	4	5	46.12385321	0
64-172	2019	Lampinen	2	14	7	5	5	5	5	1.2	5	4	40	0	0	4	4	45.31109916	0
64-172	2019	Select Chico	3	10	7	5	5	5	5	1.2	5	4	70	0	0	4	4	48.33843798	0
64-172	2019	Stolp	7	1	7	5	5	5	5	1.2	5	4	40	0	0	4	5	47.98421419	0
64-172	2020	New Stuke	1	6	7	5	5	5	5	1.2	5	4	40	0	0	5	4	45.97249509	0
64-172	2020	New Stuke	9	15	7	5	5	5	5	1.2	5	5	0	0	0	5	4	52.12749004	0
64-172	2020	GB	13	2	7	5	5	5	5	1.2	5	5	0	0	0	4	5	54.64124063	0
64-172	2020	Stolp	7	1	7	5	5	5	5	1.2	5	5	30	0	0	5	4	51.10735569	0
64-172	2020	Carriere	5	1	7	5	5	5	5	1.2	5	5	0	0	0	5	5	49.49445532	0
64-172	2020	CSUC	6	1	7	5	5	5	5	1.2	5	43	60	0	0	4	4	46.81594939	0
64-172	2020	Gilbert	8	1	7	5	5	5	5	1.3	5	4	11.11111111	0	0	4	5	47.99298534	10
64-172	2020	Crow	1	1	7	5	5	5	5	1.2	6	5	40	0	0	5	5	48.54956965	0
64-172	2021	New Stuke	1	6	5	5	5	5	5	1.2	5	5	10	0	0	4	5	55.39096649	0
64-172	2021	New Stuke	9	15	7	5	5	5	5	1.2	5	5	0	0	0	4	5	49.94892748	0
64-172	2021	GB	13	2	7	5	4	5	5	1.2	5	5	0	0	0	5	5	53.67179009	0
64-172	2021	S505	8	30	7	5	5	5	5	1.2	5	4	60	0	0	4	4	47.24780948	0
64-172	2021	Stolp	5	1	7	5	5	5	5	1.2	5	5	NA	NA	NA	NA	5	50.33077994	0
64-172	2021	Carriere	5	1	7	5	5	5	5	1.3	5	5	NA	NA	NA	NA	5	49.80494148	0
64-172	2021	CSUC	6	1	7	5	5	5	5	1.3	5	5	NA	NA	NA	NA	5	47.08481262	0
64-182	2017	New Stuke	9	17	7	6	5	5	6	1.4	5	5	0	0	0	5	5	52.32933213	0
64-182	2017	GB	11	3	7	5	5	5	5	1.2	5	5	0	0	0	5	5	55.84415584	0
64-182	2017	S505	1	1	7	6	5	5	6	1.3	6	4	0	0	0	3	4	50.23829787	0
64-182	2018	New Stuke	9	17	7	5	5	5	5	1.2	5	5	0	0	0	4	5	48.44312314	0
64-182	2018	GB	11	3	7	5	4	5	5	1.2	5	4	0	0	0	5	4	52.97185505	0
64-182	2018	Barton	1	23	7	5	5	5	5	1.2	4	5	0	0	0	5	4	55.22534583	0
64-182	2019	New Stuke	9	17	7	5	5	5	5	1.2	5	5	0	0	0	5	5	48.05019853	0
64-182	2019	GB	11	3	7	5	5	5	5	1.3	5	5	0	0	0	5	5	49.62090541	0
64-182	2019	GB	11	3	7	5	5	5	5	1.2	4	5	0	0	0	5	5	49.48321449	0
64-182	2019	GB	11	3	7	5	4	5	5	1.3	5	5	0	0	0	5	5	50.57104717	0
64-182	2019	Lampinen	3	29	7	6	5	5	6	1.2	5	5	0	0	0	5	5	50.06378455	0
64-182	2019	Lampinen	4	19	7	6	5	5	6	1.2	5	5	0	0	0	4	5	48.08268424	0
64-182	2019	Lampinen	4	19	7	6	5	5	5	1.2	6	5	0	0	0	5	5	48.65170126	0
64-182	2019	Lampinen	4	19	7	6	5	5	5	1.2	5	5	0	0	0	5	5	44.04741744	0
64-182	2019	Lampinen	4	19	7	6	4	5	6	1.3	5	5	0	20	0	5	5	47.6574759	16.66666667
64-182	2019	Lampinen	13	24	7	6	5	5	6	1.4	5	5	0	0	0	5	5	44.44087919	0
64-182	2019	Lampinen	4	19	7	6	3	5	5	1.2	5	4	0	0	0	5	4	46.99493121	0
64-182	2019	Lampinen	3	29	7	6	4	5	6	1.2	5	5	0	0	0	4	4	48.20091056	0
64-182	2019	Lampinen	2	9	7	6	5	5	6	1.3	5	4	0	0	0	5	5	42.26706606	0
64-182	2019	Lampinen	2	9	7	6	5	5	6	1.2	5	6	0	0	0	5	5	60.75560561	0
64-182	2019	Lampinen	2	9	7	6	4	5	6	1.3	5	5	0	0	0	5	5	46.91102572	0
64-182	2019	Lampinen	12	14	7	6	4	5	5	1.3	5	5	0	0	0	4	5	46.6279913	0
64-182	2019	Lampinen	2	9	6	6	5	5	6	1.2	5	5	0	0	0	5	5	48.61052926	0
64-182	2019	Lampinen	3	29	7	6	4	5	5	1.3	5	4	0	0	0	5	5	45.78479268	0
64-182	2019	Lampinen	13	24	7	6	5	5	6	1.4	5	4	0	0	0	5	5	43.93748877	0
64-182	2019	Lampinen	2	9	7	6	4	5	5	1.3	5	5	0	0	0	5	5	48.36012862	0
64-182	2019	Lampinen	4	19	7	6	4	5	6	1.3	5	5	12.5	0	0	5	4	45.0486618	0
64-182	2019	Lampinen	13	24	7	6	4	5	6	1.3	6	5	0	0	0	5	5	46.81642138	0
64-182	2019	Lampinen	13	24	7	6	5	5	6	1.4	5	5	0	0	0	5	5	45.57451612	10
64-182	2019	Lampinen	12	14	7	6	5	5	6	1.3	5	5	0	0	0	5	5	48.25116589	0
64-182	2019	Lampinen	4	19	7	5	5	5	6	1.2	5	5	0	0	0	5	5	48.93801816	0
64-182	2019	Lampinen	3	29	7	6	5	5	6	1.3	5	4	0	10	0	5	5	47.62907437	0
64-182	2019	Lampinen	13	24	7	6	5	5	6	1.4	5	5	0	0	0	5	5	41.93081488	0
64-182	2019	Lampinen	4	19	7	6	4	5	6	1.2	5	5	11.11111111	0	0	5	4	45.70095534	0
64-182	2019	Lampinen	12	14	7	6	4	5	5	12	5	5	0	0	0	4	4	44.47430299	0
64-182	2019	Lampinen	12	14	7	6	4	5	6	1.3	5	4	0	0	0	4	5	42.60869565	14.28571429
64-182	2019	Lampinen	2	9	7	6	5	5	6	1.4	5	5	0	0	0	4	5	40.98641479	14.28571429
64-182	2019	Lampinen	13	24	7	6	5	5	6	1.3	5	5	0	0	0	5	5	43.78664379	0
64-182	2019	Lampinen	13	24	7	6	5	5	6	1.3	5	5	0	0	0	5	5	42.06299213	0
64-182	2019	Lampinen	12	14	7	6	6	5	6	1.3	5	4	0	0	0	5	5	42.88452324	0
64-182	2019	Lampinen	12	14	7	6	5	5	6	1.4	5	5	0	0	0	4	5	45.1950078	0
64-182	2019	Lampinen	2	9	7	6	5	5	6	1.3	5	5	0	10	0	5	5	47.02939337	0
64-182	2019	Lampinen	3	29	6	6	3	5	5	1.2	5	5	0	33.33333333	33.33333333	4	5	42.30521571	0
64-182	2019	Lampinen	2	9	7	5	4	5	6	1.3	6	5	0	0	0	5	5	44.12595005	0
64-182	2019	Lampinen	12	14	7	6	5	5	5	1.2	5	5	0	0	0	4	5	46.00340136	0
64-182	2019	Lampinen	13	24	7	6	4	5	6	1.3	5	5	0	0	0	4	5	44.66119097	0
64-182	2019	Lampinen	12	14	7	5	4	5	5	1.2	5	5	0	0	0	4	5	43.29411765	0
64-182	2019	Lampinen	4	19	7	6	5	5	5	1.2	5	5	0	0	0	4	5	50.04916421	0
64-182	2019	Lampinen	2	9	7	6	5	5	6	1.3	5	5	0	0	0	5	5	45.29088913	0
64-182	2019	Lampinen	3	29	7	6	4	5	5	1.3	5	5	0	0	0	5	5	47.76688453	0
64-182	2019	Lampinen	12	14	7	6	5	5	6	1.3	5	5	0	0	0	5	5	48.96046852	0
64-182	2019	Lampinen	13	24	7	6	4	5	6	1.4	5	4	0	0	0	5	5	37.96143251	0
64-182	2019	Lampinen	4	19	7	6	5	5	5	1.2	5	4	0	0	0	5	5	46.71403197	0
64-182	2019	Lampinen	3	29	7	6	5	5	5	1.2	5	4	0	0	0	5	4	48.97015553	0
64-182	2019	Lampinen	3	29	7	6	3	5	6	1.2	5	5	0	0	0	4	4	49.11646586	0
64-182	2019	Lampinen	3	29	7	5	5	5	6	1.3	5	5	0	0	0	4	5	50.65606362	0
64-182	2019	Lampinen	2	9	7	6	5	5	6	1.3	5	5	0	0	0	5	5	42.07566462	0
64-182	2019	Lampinen	3	29	7	6	4	5	6	1.3	5	5	0	0	0	5	5	46.73423423	0
64-182	2019	Lampinen	3	29	7	6	5	5	6	1.3	5	5	0	0	0	5	5	46.95055374	20
64-182	2019	Lampinen	12	14	7	6	5	5	5	1.2	5	5	0	0	0	5	5	46.71941335	0
64-182	2019	Lampinen	12	14	7	6	4	5	5	1.2	5	5	0	0	0	5	5	47.49696865	0
64-182	2019	Lampinen	4	19	7	6	5	5	6	1.3	5	4	0	0	0	5	5	48.3860288	0
64-182	2019	Lampinen	12	14	7	6	5	5	5	1.2	5	4	0	0	0	4	5	41.66125892	0
64-182	2019	Lampinen	4	19	7	6	4	5	6	1.2	5	4	0	0	0	5	5	45.61675718	0
64-182	2019	Lampinen	3	29	7	6	4	5	6	1.3	5	5	0	0	0	5	5	46.08117845	25
64-182	2019	Lampinen	2	9	7	6	5	5	6	1.3	5	5	0	0	0	5	5	48.41935484	0
64-182	2019	Lampinen	2	9	7	6	5	5	6	1.3	5	4	0	0	0	5	5	47.44033061	20
64-182	2019	Lampinen	2	9	7	6	5	5	6	1.3	5	5	0	0	0	5	5	44.08825193	0
64-182	2019	Lampinen	13	24	7	6	7	5	6	1.5	5	6	0	0	0	5	5	44.06192707	0
64-182	2019	Lampinen	13	24	7	6	5	5	6	1.3	5	5	0	0	0	5	5	46.13503856	0
64-182	2019	Lampinen	13	24	7	6	4	5	6	1.4	5	5	0	0	0	4	5	44.12747938	0
64-182	2019	Lampinen	13	24	7	6	4	5	6	1.4	5	5	0	0	0	5	5	42.54721797	0
64-182	2019	Lampinen	12	14	7	6	5	5	5	1.4	5	5	0	0	0	5	5	46.2043961	0
64-182	2019	Lampinen	4	19	7	6	4	5	6	1.2	5	5	0	0	0	5	5	48.54700855	0
64-182	2019	Stolp	2	1	7	6	5	5	5	1.2	5	5	0	0	0	5	5	50.15504563	0
64-182	2020	New Stuke	9	17	7	6	5	5	5	1.2	5	5	0	0	0	5	5	52.24769012	0
64-182	2020	GB	11	3	7	6	5	5	5	1.2	5	5	0	0	0	4	5	52.35631269	10
64-182	2020	Stolp	2	1	7	5	5	5	5	1.2	5	5	0	0	0	5	5	53.47306426	0
64-182	2020	Crow	2	1	7	6	5	5	5	1.4	5	6	0	0	0	5	5	49.37238494	0
64-182	2021	New Stuke	9	17	7	6	5	5	5	1.2	5	5	10	0	0	5	5	49.68734156	0
64-182	2021	GB	11	3	7	6	5	5	5	1.1	4	5	0	0	0	5	5	52.44047619	0
64-182	2021	Stolp	2	1	7	5	5	5	5	1.2	4	5	0	0	0	5	5	51.05171305	0
67-011	2017	New Stuke	9	18	7	5	5	5	5	1.1	5	5	30	20	0	5	5	52.27719236	0
67-011	2017	GB	9	3	7	5	5	5	5	1.1	5	5	0	10	0	5	5	57.96658883	0
67-011	2017	S505	20	1	7	6	7	5	5	1.2	5	4	20	20	0	4	4	51.44981413	0
67-011	2017	S505	3	3	7	5	5	5	4	1	5	5	30	10	0	5	4	57.65086207	0
67-011	2018	New Stuke	9	18	7	6	6	5	4	1.1	5	4	10	0	10	4	4	52.10124164	0
67-011	2018	GB	9	3	7	5	5	5	5	1.1	5	5	0	0	0	5	4	56.73933271	0
67-011	2018	S505	20	1	7	6	7	5	5	1.1	5	3	20	20	0	4	3	47.65782163	0
67-011	2018	S505	3	3	7	5	6	5	5	1.2	5	5	20	0	0	4	4	51.96261682	0
67-011	2018	Artois	4	1	7	5	7	5	5	1.2	6	5	20	0	0	4	5	51.03685842	0
67-011	2019	New Stuke	9	18	7	5	6	5	5	1.1	5	6	0	0	0	5	5	54.50262178	0
67-011	2019	GB	9	3	7	5	6	5	5	1.2	5	5	0	0	0	5	5	55.09085665	0
67-011	2019	GB	9	3	7	5	6	5	5	1.2	5	5	0	0	0	5	5	54.01550817	0
67-011	2019	GB	9	3	7	5	6	5	5	1.2	5	5	0	0	0	4	4	55.01866169	0
67-011	2019	S505	20	1	7	5	6	5	5	1.2	5	5	0	0	0	5	5	51.20140105	0
67-011	2019	Artois	4	1	7	5	6	5	5	1.2	5	4	30	0	0	4	5	50.03044037	0
67-011	2020	GB	9	3	7	5	6	5	5	1.2	5	5	0	0	0	5	5	52.78041825	0
67-011	2020	S505	20	1	7	5	6	5	3	1.1	5	3	0	20	10	5	4	45.68151147	0
67-011	2020	Crow	3	1	7	5	6	5	5	1.2	5	5	20	10	0	5	4	54.7342485	0
67-011	2021	New Stuke	9	18	7	5	4	5	5	1.1	5	5	0	0	0	5	6	56.96753478	0
67-011	2021	GB	9	3	7	5	6	5	4	1.1	5	5	0	0	0	5	5	57.79255118	0
67-011	2021	S505	20	1	7	5	6	5	5	1.2	5	5	40	0	0	4	5	51.2181747	0
67-011	2021	Artois	4	1	7	6	6	5	4	1.1	5	5	0	0	0	5	5	54.70659095	0
85-023-2	2019	New Stuke	1	18	7	4	4	6	8	2	8	8	0	0	0	7	8	29.20489915	10
85-023-2	2020	New Stuke	1	18	7	4	5	5	7	2	7	7	0	0	0	8	7	29.61405413	0
85-043-1	2018	New Stuke	7	9	7	4	6	5	5	1.2	5	6	0	0	0	6	5	54.41335156	0
85-043-1	2018	GB	5	12	7	4	6	5	5	1.1	5	6	0	0	0	6	5	55.86847645	0
85-043-1	2019	New Stuke	7	9	7	4	7	4	5	1.2	5	6	0	0	0	5	5	56.05315322	0
85-043-1	2019	GB	5	12	7	4	6	4	5	1.2	5	6	0	0	0	6	5	59.61737332	0
85-043-1	2020	New Stuke	7	9	7	4	6	5	5	1.2	5	6	0	0	0	5	5	55.79844387	0
85-043-1	2020	GB	5	12	7	4	6	5	5	1.2	5	6	0	0	0	6	5	57.42480519	0
85-043-1	2021	New Stuke	7	9	7	3	6	5	5	1.2	5	6	NA	NA	NA	NA	5	57.56487677	0
85-043-1	2021	GB	5	12	7	3	6	5	5	1.2	5	6	NA	NA	NA	NA	5	42.37367582	0
91-077-40	2018	Select Davis	34	27	7	4	5	5	5	1.2	6	6	0	0	0	5	5	50.82714602	0
91-077-40	2019	Select Davis	34	27	7	5	4	5	5	1.2	6	6	0	0	0	5	5	52.99993717	0
91-077-40	2021	Select Davis	34	27	7	5	4	5	6	1.3	6	7	NA	NA	NA	NA	6	47.04488926	0
91-084-2	2018	Select Davis	34	26	7	7	6	5	5	1.2	5	6	33.33333333	0	0	5	5	50.05166284	10
91-084-2	2019	Select Davis	34	26	7	5	5	5	5	1.2	5	5	NA	NA	NA	NA	5	50.95748134	0
91-084-2	2020	Select Davis	34	26	7	5	5	5	5	1.3	6	5	NA	NA	NA	NA	5	51.16670879	0
91-136	2018	New Stuke	9	11	7	6	5	5	7	2	6	4	0	10	0	3	6	36.68240576	0
95-011-16	2017	Select Davis	1	11	7	6	5	6	6	1.5	5	6	20	0	0	5	5	51.11552905	0
95-011-16	2017	Select Davis	1	3	7	5	4	6	6	1.5	5	7	0	0	0	5	5	54.07403163	0
95-011-16	2017	S505	42	1	7	5	5	5	6	1.4	5	7	10	10	0	5	5	48.92127447	0
95-011-16	2017	Stolp	3	1	7	5	4	5	5	1.2	5	6	0	0	0	5	4	54.64252882	0
95-011-16	2017	Crane	3	4	7	5	5	5	6	1.4	5	6	50	0	0	5	5	53.89645777	0
95-011-16	2017	Norene	2	1	7	5	5	5	5	1.2	5	6	10	0	0	5	4	59.21888536	0
95-011-16	2018	Select Davis	1	11	7	5	5	5	5	1.2	5	6	0	0	0	5	5	53.56881406	0
95-011-16	2018	Select Davis	1	3	7	5	5	5	5	1.4	5	6	0	0	0	5	5	50.61458618	0
95-011-16	2018	Select Chico	3	52	7	5	5	5	7	1.3	6	6	44.44444444	0	0	5	5	50.81331961	10
95-011-16	2018	S505	1	1	7	5	5	5	6	1.3	5	5	0	0	0	5	5	51.82214073	0
95-011-16	2018	Stolp	3	1	7	5	5	5	6	1.3	5	5	0	0	0	5	4	48.78441907	10
95-011-16	2018	Stolp	1	21	7	5	5	5	6	1.4	5	6	0	0	0	5	4	49.4842233	0
95-011-16	2018	SG	1	1	7	5	5	5	6	1.4	6	6	50	0	0	5	5	50.30776515	0
95-011-16	2018	Moore	1	6	7	5	5	5	5	1.3	5	6	0	0	0	5	4	52.22162535	0
95-011-16	2018	Carriere	11	1	7	5	5	5	6	1.3	5	6	30	0	0	5	5	51.74369748	0
95-011-16	2018	Norene	2	1	7	5	5	5	5	1.4	5	6	22.22222222	0	0	5	5	51.8885166	10
95-011-16	2018	Gilbert	4	1	7	5	5	5	6	1.3	5	6	40	0	0	4	5	53.94521925	0
95-011-16	2018	Artois	1	1	7	5	4	5	5	1.3	5	5	50	0	0	5	4	52.05012182	0
95-011-16	2019	Select Davis	1	11	7	5	5	5	5	1.2	5	6	0	0	0	5	5	56.25806452	0
95-011-16	2019	Select Davis	1	3	7	5	6	5	5	1.2	5	6	10	0	0	6	5	54.05157306	0
95-011-16	2019	Select Davis	1	3	7	5	6	5	5	1.2	5	6	0	0	0	5	5	56.29699248	0
95-011-16	2019	Select Davis	1	3	7	5	5	5	5	1.2	5	6	0	0	0	5	5	55.71795813	0
95-011-16	2019	Select Chico	3	52	7	5	5	5	5	1.2	5	5	42.85714286	0	0	5	5	51.69669952	30
95-011-16	2019	S505	42	1	7	5	5	5	5	1.2	5	6	11.11111111	0	0	5	5	54.04403844	10
95-011-16	2019	Stolp	3	1	7	5	5	5	5	1.2	5	5	30	0	0	5	5	54.03166691	0
95-011-16	2019	Crane	3	4	7	5	5	5	5	1.2	5	4	50	0	0	4	5	48.52353122	0
95-011-16	2019	Moore	1	6	7	5	5	5	6	1.2	5	6	33.33333333	0	0	5	5	51.3981731	10
95-011-16	2019	Norene	2	1	7	5	5	5	5	1.2	5	5	0	0	0	5	5	55.6219232	0
95-011-16	2019	Artois	1	1	7	5	4	5	5	1.2	5	5	0	11.11111111	0	5	4	52.14270971	10
95-011-16	2020	Select Davis	1	11	7	5	5	NA	5	1.2	5	5	11.11111111	0	0	4	5	55.63055724	10
95-011-16	2020	Select Davis	1	3	7	5	5	NA	5	1.2	5	5	0	0	0	5	5	55.44354839	0
95-011-16	2020	Select Davis	3	9	7	5	5	NA	5	1.2	5	6	0	0	0	5	5	54.52501022	0
95-011-16	2020	Select Davis	5	4	7	5	5	NA	5	1.2	5	5	0	0	0	5	5	53.76884422	0
95-011-16	2020	S505	42	1	7	5	5	5	5	1.2	5	5	10	0	0	5	4	52.04016064	0
95-011-16	2020	Stolp	3	1	7	5	5	5	5	1.2	5	5	0	0	0	5	5	54.83118821	0
95-011-16	2020	Moore	1	6	7	5	5	5	6	1.3	5	6	NA	NA	NA	NA	5	51.41453141	0
95-011-16	2020	Carriere	11	1	7	5	5	5	5	1.2	5	5	11.11111111	0	0	5	5	49.97571851	10
95-011-16	2020	CSUC	19	1	7	5	5	5	5	1.2	5	5	0	0	0	5	5	51.16513475	10
95-011-16	2020	Gilbert	4	1	7	5	6	5	5	1.2	5	6	0	0	0	6	5	52.8545781	0
95-011-16	2020	Crow	4	1	7	5	5	5	5	1.2	5	6	0	0	0	6	5	54.71567866	0
95-011-16	2021	Select Davis	1	11	7	5	5	5	6	1.3	5	6	0	0	0	6	5	52.54889388	0
95-011-16	2021	Select Davis	1	3	7	5	5	5	5	1.2	5	5	0	0	0	6	5	54.07076047	0
95-011-16	2021	Select Davis	3	9	7	5	5	5	5	1.2	5	5	40	10	10	5	5	51.17302053	0
95-011-16	2021	Select Davis	5	4	7	5	4	5	5	1.2	5	6	0	33.33333333	0	5	5	51.61813391	10
95-011-16	2021	S505	42	1	7	5	5	5	5	1.2	5	5	0	0	0	5	5	50.62831858	0
95-011-16	2021	Stolp	3	1	7	5	5	5	5	1.2	5	5	10	0	0	5	5	54.49042899	0
95-011-16	2021	Carriere	11	1	7	5	5	5	5	1.2	5	6	11.11111111	0	0	5	5	51.97809825	10
95-011-16	2021	CSUC	19	1	7	5	5	5	5	1.2	5	5	0	0	0	5	5	52.72771953	0
95-011-16	2021	Gilbert	4	1	7	5	5	5	5	1.2	5	5	0	0	0	6	5	56.7329185	0
95-022-26	2017	Select Davis	1	19	7	5	5	4	6	1.3	5	4	22.22222222	0	0	4	5	47.42192142	10
95-022-26	2017	GB	9	2	7	4	5	5	5	1.3	5	5	0	10	0	5	5	51.68767549	0
95-022-26	2018	GB	9	2	7	5	5	3	5	1.3	4	4	0	0	0	4	5	51.547612	10
95-022-26	2021	Select Davis	1	19	7	6	5	5	5	1.2	6	6	NA	NA	NA	NA	5	50.45678145	0
95-026-37	2017	Select Davis	7	17	7	5	5	6	6	1.5	5	7	10	0	0	5	5	51.6942705	0
95-026-37	2017	GB	11	2	7	4	5	6	6	1.6	5	6	0	0	0	5	5	54.16050926	0
95-026-37	2017	S505	1	1	7	5	5	5	5	1.3	5	4	0	0	0	3	4	51.79894997	0
95-026-37	2017	Stolp	4	1	7	6	5	5	6	1.4	5	6	0	0	0	5	5	53.54233523	0
95-026-37	2018	GB	11	2	7	5	3	5	6	1.6	4	7	0	0	0	5	5	53.30027474	0
03-001-3395	2017	Select Davis	7	1	7	5	5	3	5	1.1	5	5	0	0	0	4	4	62.86864308	0
03-001-3395	2018	Select Davis	7	1	7	7	6	4	4	1.1	4	4	0	0	0	5	4	59.41531929	0
03-001-3395	2019	Select Davis	7	1	7	5	5	5	4	1.1	6	5	0	0	0	5	5	63.45783596	0
03-001-3395	2021	Select Davis	7	1	7	5	5	5	4	1	5	5	0	0	0	5	5	63.57576479	0
04-004-626	2018	Select Davis	34	36	7	6	5	3	4	1.1	5	6	0	0	0	4	5	58.39877684	0
06-004-4	2017	Select Davis	32	21	7	5	5	5	5	1.2	5	4	0	0	0	5	5	53.8490304	10
06-004-4	2018	2008SB	5	2	7	4	5	5	4	1.1	5	6	0	0	0	4	5	61.79304897	0
06-004-4	2018	Select Davis	32	21	7	5	5	5	4	1.1	5	5	0	0	0	4	4	60.07188967	0
06-004-4	2019	Select Davis	32	21	7	4	5	5	5	1.2	5	5	0	0	0	4	5	57.42782594	10
06-004-4	2020	2008SB	5	2	7	4	4	5	5	1.1	5	5	0	22.22222222	0	4	5	59.73180039	10
06-004-4	2021	2008SB	5	2	7	5	5	5	5	1.1	5	5	0	0	0	3	5	61.08134975	10
06-004-4	2021	Select Davis	32	21	7	5	5	5	5	1	5	5	0	0	0	3	5	58.56448674	0
06-005-27	2017	2008SB	4	13	7	4	3	6	6	1.5	6	5	0	0	0	4	6	48.38931245	0
06-005-27	2017	Select Davis	28	25	7	5	4	5	6	1.8	5	5	0	0	0	4	5	50.4693671	10
06-005-27	2018	2008SB	4	13	7	4	4	5	6	1.3	6	5	0	0	0	3	6	45.12994025	0
06-005-27	2018	Select Davis	28	25	7	4	5	5	6	1.3	6	6	0	0	0	3	6	49.06429622	0
06-013-20	2017	2008SB	1	32	7	5	7	NA	7	1.4	6	NA	0	16.66666667	50	4	6	42.0683249	40
06-013-20	2017	Select Davis	26	25	7	6	7	5	7	1.5	7	7	0	0	0	5	7	51.94900352	0
06-013-20	2017	S505	1	14	7	5	6	5	7	1.5	6	7	0	0	11.11111111	6	6	50.51405728	10
06-013-20	2018	Select Davis	26	25	7	6	6	4	5	1.3	5	6	0	0	0	4	5	56.15246588	0
06-030-18	2018	2008SB	8	10	7	4	5	5	5	1.2	6	6	10	0	0	5	5	43.90379868	0
06-030-18	2019	2008SB	8	10	7	6	5	5	6	1.3	6	6	0	0	0	5	6	47.60700948	0
06-030-18	2021	2008SB	8	10	7	5	5	5	6	1.2	5	5	0	0	0	5	6	46.79817316	0
08-001-28	2017	2010SB	1	27	7	5	4	5	5	1	4	5	0	0	0	6	5	59.67047168	30
08-001-28	2017	Select Davis	30	35	7	5	3	5	3	0.9	4	5	0	0	0	5	4	62.96408412	10
08-001-28	2018	2010SB	1	27	7	4	4	5	4	1.1	5	4	0	10	0	6	5	58.40290075	0
08-001-28	2018	Select Davis	30	35	7	4	6	5	4	1	5	6	0	0	0	6	5	60.92189501	0
08-002-4	2017	Select Davis	32	17	7	5	5	5	4	1	5	5	0	0	0	5	4	65.83608967	0
08-002-4	2018	2010SB	2	24	7	5	5	5	4	1.1	4	5	0	0	0	6	4	59.3355136	0
08-002-4	2018	Select Davis	32	17	7	5	5	5	4	1	5	5	0	0	0	5	4	59.3342754	0
08-002-4	2019	2010SB	2	24	7	6	5	5	4	1.1	5	6	10	0	0	5	5	60.36444829	0
08-002-4	2019	Select Davis	32	17	7	6	5	5	5	1.1	4	5	0	0	0	5	5	58.69861975	0
08-006-11	2017	Select Davis	30	13	7	5	5	5	5	1.2	6	5	0	0	0	5	6	55.21403283	0
08-006-11	2018	2010SB	4	39	7	6	4	5	5	1.2	6	5	0	0	0	4	5	51.75508432	0
08-006-11	2018	Select Davis	30	13	7	6	5	5	5	1.2	5	5	0	0	0	5	5	53.64193746	0
08-006-11	2019	2010SB	4	39	7	6	5	4	5	1.2	5	5	10	0	0	5	6	52.78071102	0
08-006-11	2019	Select Davis	30	13	7	5	5	5	5	1.2	6	5	0	0	0	4	6	52.8202543	0
08-019-11	2017	2010SB	10	26	7	4	5	5	4	0.9	4	4	0	0	0	5	4	62.86990249	20
08-019-11	2018	2010SB	10	26	7	4	5	5	3	0.9	4	3	0	0	11.11111111	4	4	61.18089064	10
08-019-11	2019	2010SB	10	26	7	4	5	5	4	1	5	4	11.11111111	22.22222222	0	5	4	62.29493561	10
08-019-11	2020	2010SB	10	26	7	5	5	5	4	1	5	4	0	0	0	5	4	60.54785894	0
09-003-20	2017	2011SBa	22	20	7	4	5	5	5	1.2	4	5	0	0	0	5	4	54.27920028	10
09-003-20	2018	2011SBa	22	20	7	4	6	5	5	1.1	5	5	10	0	10	4	5	53.59808612	0
09-003-20	2019	2011SBa	22	20	7	5	5	5	5	1.2	5	5	0	0	0	5	4	53.44632014	0
09-025-13	2018	2011SBb	3	9	7	6	6	5	5	1.2	5	5	0	0	0	3	5	53.92889542	10
09-025-24	2017	2011SBb	3	20	7	6	5	5	5	1.3	6	5	0	0	0	5	5	56.9603228	0
09-025-24	2018	2011SBb	3	20	7	7	6	5	5	1.2	5	6	0	0	0	4	5	50.92167893	0
09-025-60	2017	2011SBb	3	56	7	7	5	5	5	1.3	5	5	10	0	10	5	5	52.34970629	0
09-025-60	2018	2011SBb	3	56	7	7	6	5	5	1.2	5	6	0	0	0	4	5	51.93926247	0
09-025-62	2017	2011SBb	3	58	7	6	5	5	5	1.1	5	5	0	0	11.11111111	5	5	56.06407323	10
09-025-62	2018	2011SBb	3	58	7	7	6	5	5	1	5	6	0	0	0	5	5	56.82622619	0
09-025-62	2020	2011SBb	3	58	7	5	5	5	5	1.2	5	6	0	0	0	5	5	57.83210556	0
09-025-64	2017	2011SBb	3	60	7	7	5	5	5	1.2	5	4	0	0	0	5	5	54.40751018	0
09-025-64	2018	2011SBb	3	60	7	6	5	5	5	1.2	5	4	0	0	0	3	5	54.04445116	0
09-025-69	2017	2011SBb	3	65	7	6	5	5	5	1	5	5	0	0	0	4	5	56.97504742	0
09-025-69	2018	2011SBb	3	65	7	6	5	5	5	1.2	5	4	0	0	0	3	5	53.30467491	0
09-025-72	2017	2011SBb	3	68	7	5	5	5	5	1.1	5	5	0	10	0	5	5	57.45769856	0
09-025-72	2018	2011SBb	3	68	7	6	5	5	5	1.2	5	5	0	0	0	5	5	50.76986077	0
09-025-78	2017	2011SBb	4	65	7	5	5	5	5	1.2	5	5	0	0	0	5	5	54.70390898	0
09-025-78	2018	2011SBb	4	65	7	4	5	5	5	1.2	5	6	0	0	0	4	5	54.11302839	0
09-025-78	2019	2011SBb	4	65	7	5	5	5	5	1.2	5	6	0	0	0	5	5	58.05698886	10
09-025-78	2020	2011SBb	4	65	7	5	5	5	5	1.2	5	6	0	0	0	5	6	54.37596471	10
09-025-78	2021	2011SBb	4	65	7	5	5	5	5	1.2	5	5	0	0	0	5	5	52.14436372	0
09-025-99	2017	2011SBb	4	44	7	5	5	5	4	1	5	5	0	0	0	5	4	59.86879817	0
09-025-99	2018	2011SBb	4	44	7	5	5	5	5	1.2	5	6	0	0	0	5	4	60.10822319	0
09-025-107	2017	2011SBb	4	36	7	6	5	5	4	1.1	5	6	20	0	0	5	5	58.05504587	0
09-025-107	2018	2011SBb	4	36	7	6	5	5	5	1.1	5	5	0	0	0	5	5	59.59732679	0
09-025-117	2017	2011SBb	4	26	7	5	5	5	4	1.2	5	5	0	0	0	5	5	61.88864711	10
09-025-117	2018	2011SBb	4	26	7	4	5	5	4	1	5	6	0	0	0	5	6	58.55568445	0
09-025-117	2019	2011SBb	4	26	7	6	5	5	5	1.1	4	5	0	0	0	5	5	57.78145319	10
09-025-117	2020	2011SBb	4	26	7	6	4	5	5	1.1	5	5	0	0	0	5	5	60.30441927	0
09-025-117	2021	2011SBb	4	26	7	6	5	5	5	1.1	5	5	0	0	0	5	5	55.94759105	0
09-025-123	2017	2011SBb	4	20	7	6	5	5	5	1.1	5	5	11.11111111	0	0	5	5	57.17156458	10
09-025-123	2018	2011SBb	4	20	7	6	5	5	5	1.2	5	5	0	10	0	5	5	52.78484803	0
10-001-6	2018	2012SB	6	6	7	4	5	4	5	1.2	5	5	0	0	0	4	4	58.71242892	0
10-005-3	2017	2012SB	8	68	7	4	3	5	4	0.9	5	5	0	0	0	5	4	64.75939466	0
10-005-3	2018	2012SB	8	68	7	3	4	5	5	1	5	6	0	0	0	6	4	63.79724711	0
10-005-3	2019	2012SB	8	68	7	4	5	5	4	1.1	5	5	0	0	0	5	4	63.59836438	0
10-008-16	2017	2012SB	11	22	7	5	5	5	5	1.2	5	5	10	0	0	5	5	54.99012802	0
10-008-16	2018	2012SB	11	22	7	5	5	5	5	1.1	5	5	0	0	0	5	4	56.37850467	0
10-008-23	2017	2012SB	11	29	7	7	6	5	5	1.1	5	6	10	0	0	5	5	58.80311661	0
10-008-23	2018	2012SB	11	29	7	7	6	5	5	1.1	5	4	50	0	0	5	5	54.35940999	0
10-008-37	2017	2012SB	11	43	7	5	5	6	6	1.2	6	6	20	0	0	4	6	50.01488982	0
10-008-37	2018	2012SB	11	43	7	7	6	5	6	1.2	5	7	0	0	0	6	5	52.57212374	0
10-008-37	2019	2012SB	11	43	7	6	4	5	5	1.2	5	5	20	0	0	5	5	51.99466217	0
10-008-63	2017	2012SB	11	69	7	5	5	5	5	1	5	4	0	0	0	3	5	57.9020979	0
10-008-63	2018	2012SB	11	69	7	6	5	5	3	0.9	5	4	0	10	0	4	4	58.33525301	0
10-008-63	2019	2012SB	11	69	7	5	5	5	4	1.1	5	5	0	0	0	4	5	59.04956085	0
10-008-63	2020	2012SB	11	69	7	5	5	5	5	1.1	5	5	0	0	0	4	4	57.55366545	0
10-008-63	2021	2012SB	11	69	7	6	5	5	5	1.1	5	5	0	0	0	4	5	57.4214876	0
10-008-71	2017	2012SB	12	62	7	4	5	5	6	1.2	5	5	0	0	0	5	5	54.72294181	0
10-008-71	2018	2012SB	12	62	7	3	5	5	5	1.1	6	5	0	0	30	5	6	48.81816647	0
10-008-73	2017	2012SB	12	60	7	5	5	5	5	1.2	5	5	0	0	0	5	5	54.30561548	0
10-008-73	2018	2012SB	12	60	7	5	5	5	5	1.2	5	8	0	10	0	5	7	53.69855644	0
10-008-76	2017	2012SB	12	57	7	5	5	5	5	1.1	5	5	0	10	0	5	4	57.72539694	0
10-008-76	2018	2012SB	12	57	7	5	5	5	5	1.2	5	6	10	0	0	5	5	57.17946893	0
10-016-34	2017	2012SB	14	63	7	5	5	5	5	1.4	6	5	0	0	0	4	5	51.47927085	10
10-016-34	2018	2012SB	14	63	7	3	6	5	5	1.3	7	6	0	0	0	4	5	50.37037037	0
10-018-1	2017	2012SB	14	34	7	4	4	5	5	1.2	5	5	30	0	0	6	5	62.50710811	0
10-018-1	2018	2012SB	14	34	7	4	4	4	3	0.9	5	5	10	0	0	6	4	67.3371869	0
10-018-1	2019	2012SB	14	34	3	5	4	4	4	1	5	5	30	0	0	5	5	66.10712651	0
10-018-1	2021	2012SB	14	34	7	3	4	5	5	1	5	6	0	0	0	6	5	67.58608092	0
10-019-84	2017	2012SB	15	56	7	5	5	5	5	1.2	5	5	0	0	0	4	5	61.47622521	10
10-019-84	2018	2012SB	15	56	7	5	5	4	4	1	5	6	0	0	0	5	5	63.19198013	0
10-019-84	2019	2012SB	15	56	7	5	5	5	5	1.2	5	6	0	0	0	5	5	62.10622325	0
10-019-84	2020	2012SB	15	56	7	5	3	5	5	1	5	5	10	10	0	4	5	61.70233654	0
10-019-84	2021	2012SB	15	56	7	5	4	5	5	1.1	5	6	0	0	0	6	5	61.92649532	0
10-020-3	2017	2012SB	15	66	7	5	5	5	5	1.2	5	5	0	0	0	4	5	58.48084096	0
10-020-3	2018	2012SB	15	66	7	4	6	5	5	1.2	5	6	0	0	0	5	5	54.47897623	0
10-020-3	2019	2012SB	15	66	7	5	5	5	5	1.2	5	6	0	0	0	5	5	55.5695318	0
10-020-3	2020	2012SB	15	66	7	4	3	5	5	1.1	5	6	0	0	0	5	5	57.38480697	0
10-020-3	2021	2012SB	15	66	7	4	4	5	5	1.2	5	5	10	0	0	5	5	54.83375959	0
10-020-9	2017	2012SB	16	67	7	4	4	5	5	1.2	5	5	0	0	0	3	4	59.63682701	0
10-020-9	2018	2012SB	16	67	7	3	5	5	5	1.2	5	5	0	0	0	5	5	60.44226044	0
10-020-9	2019	2012SB	16	67	7	4	5	4	5	1.1	5	6	10	0	0	4	5	60.24740889	0
10-020-9	2020	2012SB	16	67	7	3	5	5	5	1.1	5	6	0	0	0	4	5	60.46634311	0
10-020-9	2021	2012SB	16	67	7	3	3	5	6	1.1	5	5	0	0	0	4	5	60.73808936	0
10-020-10	2017	2012SB	16	66	7	5	5	5	5	1.3	5	6	0	0	0	5	5	59.71802618	0
10-020-10	2018	2012SB	16	66	7	5	5	5	5	1.2	6	5	0	0	0	5	5	53.41104943	10
10-020-10	2019	2012SB	16	66	7	5	5	5	5	1.2	6	5	0	0	0	5	6	56.89523677	0
10-020-10	2020	2012SB	16	66	7	5	5	5	5	1.1	6	5	0	0	0	5	5	56.78085019	0
10-020-10	2021	2012SB	16	66	7	5	4	5	5	1.1	6	6	0	0	0	5	6	56.52242702	10
10-020-12	2017	2012SB	16	64	7	4	3	4	3	1	5	5	0	0	0	4	4	64.54529647	0
10-020-12	2018	2012SB	16	64	7	3	5	5	5	0.9	5	5	0	0	0	3	5	57.54689188	0
10-020-12	2019	2012SB	16	64	7	4	4	5	5	1.2	5	5	0	0	0	5	5	61.71900291	0
10-020-12	2020	2012SB	16	64	7	4	5	5	5	1.1	5	5	10	0	0	4	5	58.84861407	0
10-020-12	2021	2012SB	16	64	7	4	5	5	5	1.1	5	5	0	0	0	4	6	58.83331946	10
10-020-17	2017	2012SB	16	58	7	5	5	5	5	1.1	5	4	0	0	0	4	5	57.51607097	0
10-020-17	2018	2012SB	16	58	7	4	5	5	4	1	5	5	20	0	20	4	5	55.62023562	0
10-020-17	2019	2012SB	16	58	7	5	5	5	5	1.2	5	5	0	0	0	5	5	60.86183679	0
10-020-17	2020	2012SB	16	58	7	5	3	5	5	1.1	5	6	11.11111111	0	0	4	5	58.46726732	10
10-020-17	2021	2012SB	16	58	7	5	5	5	5	1.1	5	6	10	20	0	5	5	59.16373239	0
10-020-59	2017	2012SB	16	16	7	4	3	5	4	1	5	5	0	0	0	4	5	63.81933356	10
10-020-59	2018	2012SB	16	16	7	5	5	5	4	1	5	6	0	0	0	4	5	59.4287325	0
10-020-59	2019	2012SB	16	16	7	5	5	5	5	1.1	5	6	10	0	0	4	5	58.87629454	0
10-020-59	2020	2012SB	16	16	7	5	3	5	5	1.1	5	6	0	0	0	5	5	59.54380764	0
10-020-59	2021	2012SB	16	16	7	4	4	5	5	1.1	5	5	0	0	0	5	5	58.26583001	0
10-024-18	2018	2012SB	17	41	7	5	5	6	6	1.4	5	5	50	0	0	5	6	50.26985351	0
10-024-18	2019	2012SB	17	41	5	4	3	5	5	1.2	5	6	50	0	0	5	5	52.7395382	0
10-024-18	2021	2012SB	17	41	7	3	4	5	5	1.1	5	6	0	0	0	5	6	53.78068986	0
11-003-4	2017	2013SB	21	42	7	3	5	6	6	1.3	5	5	0	10	0	5	5	53.4109817	0
11-003-4	2018	2013SB	21	42	7	4	5	5	5	1.2	5	6	0	0	0	5	5	50.83506875	10
11-003-4	2019	2013SB	21	42	7	4	5	5	6	1.2	5	7	0	0	0	5	6	54.14030013	0
11-020-2	2017	2013SB	22	49	6	5	5	5	3	0.9	5	5	0	30	0	5	4	65.05087209	0
11-020-2	2018	2013SB	22	49	5	6	5	5	3	0.8	4	5	0	0	0	5	4	65.34292372	10
11-029-9	2017	2013SB	23	31	7	4	5	5	5	1.2	5	5	0	0	10	6	5	59.27767813	0
11-029-9	2018	2013SB	23	31	7	5	5	5	4	1.1	5	6	0	0	0	6	5	64.62264151	0
11-029-9	2019	2013SB	23	31	7	4	5	5	5	1.2	5	5	10	0	0	5	5	58.5266229	0
11-030-3	2017	2013SB	23	45	6	5	4	4	3	1.2	4	4	0	0	0	5	5	53.39798746	0
11-030-3	2018	2013SB	23	45	4	4	4	5	4	1.2	5	5	0	0	0	4	5	53.1598513	0
11-030-3	2019	2013SB	23	45	3	5	5	5	5	1.2	5	5	10	0	0	5	5	53.15643778	0
11-030-3	2020	2013SB	23	45	7	5	4	5	5	1.2	5	5	0	0	0	5	5	54.70754336	0
11-030-3	2021	2013SB	23	45	7	5	5	5	5	1.2	5	5	10	0	0	5	5	51.97622276	0
12-002-3	2017	2014SBa	1	3	7	5	3	5	5	1.2	6	3	60	0	30	5	6	46.39397201	0
12-002-3	2018	2014SBa	1	3	7	7	6	5	5	1.2	5	4	10	0	0	5	4	47.84532961	0
12-002-5	2017	2014SBa	1	5	7	5	3	5	5	1.1	5	5	10	10	0	5	5	56.8575233	0
12-002-5	2018	2014SBa	1	5	7	5	6	5	6	1.2	5	7	0	0	10	5	6	56.15633265	0
12-002-6	2017	2014SBa	1	6	7	4	3	5	6	1.2	5	5	0	20	0	5	5	53.13813025	0
12-002-6	2018	2014SBa	1	6	7	5	6	5	6	1.5	6	7	0	0	0	5	6	51.77379769	20
12-002-6	2019	2014SBa	1	6	7	5	6	5	5	1.2	5	6	0	0	0	5	6	54.1491173	10
12-002-7	2017	2014SBa	1	7	7	6	5	5	5	1.1	4	4	0	10	0	5	4	58.00378267	0
12-002-7	2018	2014SBa	1	7	7	6	3	5	5	1.2	5	5	0	0	0	5	5	55.33493096	0
12-002-10	2018	2014SBa	1	10	7	4	6	5	7	1.4	6	7	20	10	0	5	7	45.03273555	0
12-002-11	2017	2014SBa	1	11	7	5	5	5	5	1.2	5	5	30	0	0	5	5	58.37190508	0
12-002-11	2018	2014SBa	1	11	7	5	5	5	5	1.2	5	5	10	0	0	5	5	54.55396424	0
12-002-11	2020	2014SBa	1	11	7	5	5	5	5	1.1	6	5	0	0	0	4	5	54.24683247	0
12-002-15	2017	2014SBa	1	15	7	6	5	5	6	1.3	5	5	0	20	0	5	5	52.83486658	0
12-002-15	2018	2014SBa	1	15	7	6	6	5	5	1.2	5	4	0	44.44444444	0	5	5	47.55077658	10
12-002-17	2017	2014SBa	1	17	7	5	4	5	5	1	5	3	70	0	0	4	4	52.90446175	0
12-002-17	2018	2014SBa	1	17	7	6	5	4	4	1	5	4	0	0	11.11111111	5	4	54.5443966	10
12-002-18	2018	2014SBa	1	18	7	4	5	5	5	1.2	5	6	0	0	0	5	5	52.43764883	0
12-002-20	2018	2014SBa	1	20	7	4	5	5	5	1.2	6	5	0	0	0	4	6	50.48876348	0
12-002-21	2018	2014SBa	1	21	7	6	5	5	5	1.2	5	5	0	0	0	5	4	51.90004715	0
12-002-23	2017	2014SBa	1	23	7	5	5	5	5	1.1	5	4	50	0	0	5	4	55.18911565	0
12-002-23	2018	2014SBa	1	23	7	6	6	5	5	1.2	6	5	30	0	0	5	6	53.37230216	0
12-002-23	2019	2014SBa	1	23	7	5	4	5	5	1.2	5	5	0	0	0	5	5	53.53664271	0
12-002-25	2017	2014SBa	1	25	7	5	4	5	5	1.2	5	5	0	0	0	5	5	57.01836875	0
12-002-25	2018	2014SBa	1	25	7	5	6	5	5	1.2	5	5	0	0	0	5	5	55.18703876	0
12-002-25	2019	2014SBa	1	25	7	5	5	5	5	1.2	5	5	10	0	0	5	5	52.86165601	0
12-002-26	2018	2014SBa	1	26	7	6	7	5	5	1.2	5	5	0	0	0	5	4	53.32834082	0
12-002-27	2017	2014SBa	1	27	7	5	6	5	5	1.1	5	6	10	0	0	5	5	57.65861833	0
12-002-27	2018	2014SBa	1	27	7	5	6	5	5	1.2	5	5	0	0	0	5	5	55.70972159	0
12-002-27	2019	2014SBa	1	27	7	6	5	5	5	1.2	5	5	0	0	0	5	5	53.12112763	0
12-002-28	2018	2014SBa	1	28	7	4	4	5	5	1.1	5	6	0	0	0	5	4	58.16416593	0
12-004-1	2018	2014SBa	1	57	7	5	5	5	7	1.8	7	7	0	0	0	5	7	42.3145031	20
12-005-1	2018	2014SBa	1	29	7	4	4	5	5	1.2	5	5	0	0	0	5	5	57.07308249	0
12-005-2	2017	2014SBa	1	30	7	6	5	6	6	1.1	5	6	20	10	0	6	5	57.50332005	0
12-005-2	2018	2014SBa	1	30	7	6	5	5	5	1.2	5	6	0	0	0	5	5	57.1925178	0
12-005-2	2019	2014SBa	1	30	7	7	5	5	6	1.2	5	5	20	0	0	6	5	57.0398244	0
12-005-2	2020	2014SBa	1	30	7	6	5	5	6	1.2	5	7	0	0	0	5	6	56.8453159	0
12-005-4	2018	2014SBa	1	32	5	4	4	5	3	1	5	5	0	0	0	5	4	60.41777846	20
12-005-5	2017	2014SBa	1	33	7	5	5	5	5	1.1	5	5	30	0	10	3	4	59.62575081	0
12-005-5	2018	2014SBa	1	33	7	3	4	5	4	1.1	5	3	0	0	0	4	4	70.2367531	70
12-005-5	2019	2014SBa	1	33	7	5	5	5	5	1.1	5	5	0	0	0	4	4	60.41928721	0
12-005-7	2017	2014SBa	1	35	7	4	4	5	5	1.1	5	4	0	0	0	4	4	54.38333787	0
12-005-7	2018	2014SBa	1	35	7	5	5	5	5	1.2	5	5	0	0	0	5	5	54.49669967	0
12-005-7	2019	2014SBa	1	35	7	5	5	5	5	1.2	5	5	0	0	0	5	5	52.39630164	0
12-005-8	2017	2014SBa	1	36	7	6	5	5	5	1.3	5	5	0	0	10	5	4	49.4100449	0
12-005-8	2018	2014SBa	1	36	7	5	5	5	5	1.2	5	6	0	0	0	5	5	54.01931595	0
12-005-8	2019	2014SBa	1	36	7	5	5	5	5	1.2	5	6	0	0	0	5	5	55.92896807	0
12-005-8	2020	2014SBa	1	36	7	5	5	5	5	1.2	5	6	0	0	0	5	5	54.87489911	0
12-005-8	2021	2014SBa	1	36	7	5	5	5	5	1.2	5	6	0	0	0	5	5	54.71029596	0
12-037-27	2017	2014SBa	4	19	7	3	6	3	4	1.1	5	5	0	10	0	5	4	62.2778865	0
12-037-27	2018	2014SBa	4	19	7	4	5	5	4	0.9	5	4	0	0	0	4	4	63.99952443	0
12-037-27	2019	2014SBa	4	19	7	5	4	4	4	1	6	5	0	0	0	4	5	62.7434449	10
12-037-29	2017	2014SBa	4	17	7	7	5	5	4	1.1	5	5	0	0	0	5	5	63.15214422	0
12-037-29	2018	2014SBa	4	17	7	5	3	5	4	0.9	5	4	0	0	0	3	4	63.18458418	40
12-037-29	2019	2014SBa	4	17	7	6	5	5	5	0.9	5	5	0	0	0	5	5	64.46663691	10
12-037-29	2020	2014SBa	4	17	5	5	4	5	3	0.9	5	5	10	0	0	4	5	64.95954214	0
12-037-30	2017	2014SBa	4	16	7	3	5	5	5	1.2	5	6	0	0	0	5	5	59.53926022	0
12-037-30	2018	2014SBa	4	16	7	5	5	5	5	1.2	5	5	0	0	0	5	5	59.70562086	0
12-037-30	2019	2014SBa	4	16	7	5	5	5	5	1.2	5	7	0	0	0	5	6	58.92842263	0
12-037-30	2020	2014SBa	4	16	7	5	5	5	5	1.2	5	6	10	0	0	5	5	59.0504451	0
12-040-8	2017	2014SBa	5	9	7	4	5	4	4	1	6	5	0	0	0	3	6	59.6864219	10
12-040-8	2018	2014SBa	5	9	7	4	5	5	5	1.2	5	5	0	0	0	4	5	58.71772806	0
12-040-8	2019	2014SBa	5	9	7	5	5	5	5	1.2	5	5	0	0	0	5	5	58.41428196	0
12-042-1	2017	2014SBa	5	13	7	4	3	5	4	0.9	6	5	0	0	0	4	5	67.86052881	0
12-042-1	2018	2014SBa	5	13	7	4	5	5	4	1	5	5	10	0	0	4	5	63.55920965	0
12-042-2	2017	2014SBa	5	14	7	5	5	5	5	1.1	6	5	40	0	0	4	6	55.91642229	0
12-042-2	2018	2014SBa	5	14	7	4	5	5	5	1.1	6	6	0	0	0	4	6	57.17030064	0
12-042-3	2017	2014SBa	5	15	7	3	3	5	5	1.1	5	5	0	0	0	4	4	59.0689433	0
12-042-3	2018	2014SBa	5	15	7	4	3	5	5	1.1	5	5	0	0	0	4	5	55.65024083	0
12-042-4	2017	2014SBa	5	16	7	4	4	5	5	1.1	5	5	10	0	0	5	5	60.97391035	0
12-042-4	2018	2014SBa	5	16	7	5	5	5	5	1.1	5	5	0	0	0	4	4	61.19529412	0
12-042-4	2020	2014SBa	5	16	7	5	4	5	5	1.1	5	5	0	10	0	4	5	59.45504556	0
12-042-4	2021	2014SBa	5	16	5	5	5	5	4	1	4	4	40	0	0	5	5	59.19057377	0
12-042-5	2017	2014SBa	5	17	7	4	6	4	5	1.1	6	5	0	0	10	4	6	54.7742359	0
12-042-5	2018	2014SBa	5	17	7	4	5	3	4	1.1	5	5	0	0	0	4	5	59.76508063	0
12-042-5	2019	2014SBa	5	17	7	4	5	5	4	1	5	5	0	0	0	4	5	59.01078468	0
12-042-5	2020	2014SBa	5	17	7	5	4	5	5	1.1	5	5	0	0	0	4	5	57.66676578	0
12-042-5	2021	2014SBa	5	17	7	4	5	5	5	1.1	5	4	10	0	0	4	5	52.13822894	0
12-042-7	2017	2014SBa	5	19	7	5	7	5	5	1.2	5	5	20	0	0	5	5	53.53982301	0
12-042-7	2018	2014SBa	5	19	7	5	5	5	5	1.2	5	5	0	0	0	4	5	52.3326572	0
12-042-8	2018	2014SBa	5	20	7	4	3	5	4	1	5	5	0	0	0	4	5	64.5657054	0
12-042-9	2017	2014SBa	5	21	7	5	3	5	5	1.2	5	6	20	0	10	4	6	51.08840864	0
12-042-9	2018	2014SBa	5	21	7	5	4	5	5	1.2	5	6	11.11111111	11.11111111	22.22222222	3	5	47.78502361	10
12-045-3	2018	2014SBa	5	43	7	5	5	5	5	1.2	5	6	0	0	11.11111111	5	5	55.70994496	10
12-045-3	2019	2014SBa	5	43	7	5	5	5	5	1.1	5	5	0	0	0	5	5	57.56786616	0
12-045-7	2017	2014SBa	5	47	7	6	4	3	4	1.1	5	4	20	0	0	4	4	60.3396966	0
12-045-7	2018	2014SBa	5	47	7	5	5	5	5	1.1	5	4	0	0	0	4	4	57.88409022	0
12-045-7	2019	2014SBa	5	47	7	5	4	4	4	1.1	5	4	0	0	0	4	5	57.37353912	0
12-045-7	2020	2014SBa	5	47	7	5	4	5	4	1	5	5	0	0	0	4	5	62.14132344	0
12-045-7	2021	2014SBa	5	47	7	5	5	5	4	0.9	5	4	10	10	0	4	5	59.09270737	0
12-045-8	2017	2014SBa	5	48	7	4	5	4	4	1.1	4	5	0	0	0	5	3	55.77695777	0
12-045-8	2018	2014SBa	5	48	7	4	5	5	5	1.2	5	4	22.22222222	0	0	4	4	51.58313325	10
12-045-8	2019	2014SBa	5	48	7	5	5	5	5	1.2	5	5	0	0	0	5	5	54.58237548	0
12-045-8	2020	2014SBa	5	48	7	5	5	5	5	1.1	5	4	0	0	0	5	4	54.58197611	0
12-045-8	2021	2014SBa	5	48	7	5	6	5	5	1.1	5	4	0	0	0	4	5	50.5679822	0
12-045-9	2018	2014SBa	5	49	7	6	5	5	5	1.2	5	5	10	0	0	5	5	58.89457232	0
12-045-9	2019	2014SBa	5	49	7	5	5	5	5	1.1	6	5	0	0	0	5	5	60.1500121	0
12-045-9	2020	2014SBa	5	49	7	5	5	5	5	1.2	5	5	0	0	0	5	5	58.94679176	0
12-045-9	2021	2014SBa	5	49	7	5	5	5	5	1.1	5	6	0	0	0	5	5	57.86725067	0
12-045-11	2018	2014SBa	5	51	7	6	5	5	5	1.1	5	4	0	0	0	4	4	55.80038113	0
12-045-12	2017	2014SBa	5	52	6	7	6	3	4	1.1	5	3	50	0	0	4	4	54.94109316	0
12-045-12	2018	2014SBa	5	52	7	7	5	3	4	1.2	5	4	0	0	0	4	4	53.67952298	50
12-045-13	2017	2014SBa	5	53	7	3	5	3	4	1	5	6	0	0	0	5	6	65.2980228	0
12-045-13	2018	2014SBa	5	53	7	5	5	4	4	1	5	4	0	0	0	5	4	60.16516656	0
12-045-13	2019	2014SBa	5	53	6	5	5	5	4	1	5	5	0	0	0	5	5	62.16448357	0
12-045-14	2018	2014SBa	5	54	7	5	5	5	5	1.2	5	5	0	11.11111111	0	5	5	57.07119599	10
12-045-14	2019	2014SBa	5	54	7	5	5	4	4	1.1	5	5	10	0	0	5	5	57.56137817	0
12-045-15	2017	2014SBa	5	55	7	5	3	3	3	0.8	5	5	40	10	0	5	4	63.59333586	0
12-045-15	2018	2014SBa	5	55	7	4	5	4	5	1.1	5	3	0	0	0	4	4	54.92670031	0
12-048-3	2017	2014SBa	5	81	7	4	4	4	4	1.2	5	5	0	0	0	5	5	61.87403769	0
12-048-3	2018	2014SBa	5	81	7	4	4	5	5	1.2	5	5	0	0	0	4	4	57.58091993	0
12-048-3	2019	2014SBa	5	81	7	5	5	4	5	1.1	6	6	0	0	0	5	4	61.96412556	0
12-048-3	2020	2014SBa	5	81	7	5	5	5	5	1.1	5	5	0	0	0	5	5	61.81189053	0
12-048-3	2021	2014SBa	5	81	7	4	5	5	5	1.2	5	5	0	0	0	5	5	54.99818248	0
12-048-4	2017	2014SBa	5	82	7	4	4	3	4	1.2	5	6	0	0	0	5	4	56.57157252	0
12-048-4	2018	2014SBa	5	82	7	4	4	5	5	1.2	5	5	0	0	0	5	5	58.27608244	20
12-048-4	2019	2014SBa	5	82	7	5	5	5	5	1.2	5	5	0	0	0	5	5	57.92471521	0
12-048-4	2020	2014SBa	5	82	6	5	4	5	5	1.2	5	6	0	0	0	5	5	58.85378989	0
12-048-4	2021	2014SBa	5	82	7	5	5	5	5	1.2	5	5	0	0	0	5	6	55.42460715	0
12-048-5	2017	2014SBa	5	83	7	4	3	5	6	1.3	5	7	0	0	0	5	5	51.98478726	0
12-048-5	2018	2014SBa	5	83	7	4	5	5	5	1.2	5	5	0	0	0	5	5	53.61253506	0
12-048-6	2017	2014SBa	5	84	7	5	5	4	5	1.2	5	5	0	0	0	4	5	51.42875826	0
12-048-6	2018	2014SBa	5	84	7	4	5	5	5	1.2	5	5	0	0	0	5	5	53.734958	10
12-048-6	2019	2014SBa	5	84	7	5	4	5	5	1.2	5	5	0	0	0	5	5	55.05520241	0
12-048-7	2017	2014SBa	5	85	7	5	3	4	3	1.1	4	6	0	0	0	5	4	59.20787809	0
12-048-7	2018	2014SBa	5	85	7	5	4	5	5	1.1	5	5	0	0	0	5	4	60.9100778	0
12-048-7	2019	2014SBa	5	85	7	5	5	5	5	1.1	5	5	0	0	0	5	5	61.96793359	0
12-048-7	2020	2014SBa	5	85	7	5	4	5	4	1.1	5	5	0	0	0	5	5	61.13239279	0
12-048-7	2021	2014SBa	5	85	7	5	5	5	5	1.1	5	5	0	0	0	5	5	55.58896723	0
12-048-8	2018	2014SBa	5	86	7	4	5	5	5	1.2	5	5	0	20	0	4	5	54.77681678	0
12-048-8	2019	2014SBa	5	86	7	4	4	5	5	1.2	5	5	0	0	0	5	4	55.21200169	0
12-048-9	2017	2014SBa	5	87	7	6	7	6	6	1.2	6	5	22.22222222	0	0	5	5	51.14948617	10
12-048-9	2018	2014SBa	5	87	7	6	5	5	4	1.2	5	2	0	0	100	2	3	26.50787553	90
12-048-11	2017	2014SBa	5	89	7	5	4	4	5	1.2	6	6	0	0	0	5	6	51.51579394	10
12-048-11	2018	2014SBa	5	89	7	5	5	5	5	1.2	5	5	0	0	0	4	4	54.00480577	0
12-048-11	2019	2014SBa	5	89	7	5	5	5	5	1.2	5	5	0	0	0	5	5	53.32570557	0
12-048-11	2020	2014SBa	5	89	7	5	5	5	5	1.1	5	6	0	0	0	5	5	58.48774097	0
12-048-11	2021	2014SBa	5	89	7	4	5	5	5	1.2	5	6	0	0	0	5	6	53.86617504	0
12-048-13	2017	2014SBa	5	91	7	6	5	4	4	1.2	4	4	60	0	0	5	5	55.38926086	0
12-048-13	2018	2014SBa	5	91	7	5	5	5	5	1.2	5	5	10	0	0	5	5	57.46317666	0
12-048-13	2019	2014SBa	5	91	7	5	5	4	4	1	6	5	10	0	0	5	6	58.21479374	0
12-048-14	2017	2014SBa	5	92	7	5	5	4	5	1.3	4	6	0	10	0	7	5	56.36524725	0
12-048-14	2018	2014SBa	5	92	7	4	4	5	5	1.2	5	5	0	0	11.11111111	6	5	56.76504511	10
12-053-3	2017	2014SBa	6	66	7	4	5	5	5	1.2	5	5	30	0	0	6	5	56.57257134	0
12-053-3	2018	2014SBa	6	66	7	5	5	5	5	1.2	5	5	0	0	0	5	5	58.28748573	10
12-053-4	2017	2014SBa	6	65	7	3	3	5	5	1.1	5	6	40	0	0	6	5	57.42288674	0
12-053-4	2018	2014SBa	6	65	7	4	4	5	5	1.2	5	6	70	0	0	5	5	54.79756785	0
12-053-4	2019	2014SBa	6	65	7	3	4	5	5	1.2	6	5	30	0	0	5	5	57.42788156	0
12-053-4	2020	2014SBa	6	65	7	4	4	5	5	1.2	5	6	0	0	0	6	5	59.01106051	10
12-053-5	2017	2014SBa	6	64	7	4	6	5	4	0.9	5	6	0	10	0	6	5	62.09631728	0
12-053-5	2018	2014SBa	6	64	7	4	5	5	5	1.2	5	5	40	10	0	3	5	54.64383095	0
12-053-5	2019	2014SBa	6	64	7	3	5	5	5	1.1	5	5	20	0	0	4	5	58.44758796	0
12-053-5	2020	2014SBa	6	64	7	5	5	5	5	1.1	5	5	20	10	0	5	5	58.65280289	0
12-053-19	2017	2014SBa	6	17	5	4	5	5	4	1.1	5	5	0	12.5	0	6	5	58.44529356	20
12-053-19	2018	2014SBa	6	17	7	4	5	5	6	1.3	5	6	10	0	0	6	5	56.49625288	0
12-053-19	2019	2014SBa	6	17	7	3	4	5	5	1.2	5	6	30	0	0	6	5	59.09678297	0
12-053-19	2020	2014SBa	6	17	7	4	4	5	5	1.2	5	6	50	0	0	6	5	54.92820638	0
12-053-20	2017	2014SBa	6	16	7	7	7	5	4	1.1	5	4	50	0	0	5	5	58.18560253	0
12-053-20	2018	2014SBa	6	16	7	6	5	5	5	1.2	5	4	30	0	10	4	5	56.61084947	0
12-053-22	2017	2014SBa	6	14	7	5	5	4	4	1.2	5	5	20	0	0	5	5	57.48860499	0
12-053-22	2018	2014SBa	6	14	7	5	5	5	5	1.2	5	5	50	0	0	5	5	59.20697859	0
12-053-23	2018	2014SBa	6	13	7	5	5	5	5	1.2	5	5	20	0	0	4	5	57.21193322	0
12-053-24	2017	2014SBa	6	12	7	4	6	5	4	1.1	5	5	20	0	0	5	4	57.6687525	0
12-053-24	2018	2014SBa	6	12	7	4	5	5	4	1.1	4	4	0	0	0	5	4	56.23318386	0
12-053-24	2019	2014SBa	6	12	5	4	5	5	5	1.2	4	5	0	10	0	5	5	56.52344005	0
12-053-24	2020	2014SBa	6	12	7	5	5	5	5	1.2	5	5	0	0	0	5	4	58.26510721	0
12-053-24	2021	2014SBa	6	12	7	5	5	5	5	1.2	5	4	0	0	0	5	4	56.09105629	0
12-054-2	2017	2014SBa	6	55	4	6	4	5	4	1	6	4	0	11.11111111	0	5	5	63.24011507	10
12-054-2	2018	2014SBa	6	55	7	6	5	5	5	1.1	6	5	10	0	0	5	6	64.15562374	0
12-054-3	2018	2014SBa	6	54	7	6	5	5	5	1.1	5	6	10	0	0	5	6	61.39039695	0
12-054-3	2019	2014SBa	6	54	7	4	5	5	5	1.2	5	5	0	0	0	5	5	59.10894456	0
12-054-3	2020	2014SBa	6	54	7	4	5	5	5	1.1	5	5	0	10	0	5	4	60.35276074	0
12-054-4	2017	2014SBa	6	53	6	4	5	5	4	0.9	5	5	70	0	0	5	4	59.97069836	0
12-054-4	2018	2014SBa	6	53	7	4	5	5	5	1.2	5	4	60	0	0	5	5	56.16230291	0
12-054-8	2017	2014SBa	6	49	7	3	5	5	4	1.1	5	5	80	10	0	5	4	57.99584259	0
12-054-8	2018	2014SBa	6	49	7	4	4	5	5	1.2	5	3	66.66666667	0	0	4	4	58.69164941	10
12-054-8	2019	2014SBa	6	49	7	4	5	4	4	1.1	5	5	90	0	0	5	4	68.61852343	0
12-054-8	2020	2014SBa	6	49	7	5	4	5	5	1.2	5	5	40	0	0	5	5	61.11158037	0
12-054-8	2021	2014SBa	6	49	7	4	6	5	5	1.1	5	5	10	0	0	5	4	61.05163728	0
12-054-9	2018	2014SBa	6	48	7	6	4	4	4	1	5	5	50	0	0	5	5	60.69530365	0
12-054-10	2017	2014SBa	6	47	7	5	6	5	5	1.2	5	5	30	0	0	5	4	56.77538776	0
12-054-10	2018	2014SBa	6	47	7	7	5	5	5	1.2	5	5	70	0	0	5	5	56.99367763	0
12-054-11	2017	2014SBa	6	46	7	5	5	5	6	1.6	5	5	80	0	0	6	5	51.75106265	0
12-054-11	2018	2014SBa	6	46	7	4	5	5	6	1.3	5	5	40	0	0	6	5	56.80073521	0
12-054-12	2017	2014SBa	6	45	7	5	5	5	5	1.2	5	5	66.66666667	0	0	5	4	53.96268123	10
12-054-12	2018	2014SBa	6	45	6	5	5	5	5	1.2	5	5	80	0	0	5	5	56.69334805	0
12-054-14	2017	2014SBa	6	43	7	4	5	5	5	1.2	5	6	60	0	0	4	5	59.14761535	0
12-054-14	2018	2014SBa	6	43	7	3	5	5	6	1.2	5	6	20	0	0	5	5	58.80814754	0
12-054-17	2018	2014SBa	6	40	7	5	4	5	7	1.6	6	5	10	0	0	4	5	46.9605275	0
12-054-21	2017	2014SBa	6	36	4	4	6	5	4	1	5	5	0	0	0	5	4	63.33527584	0
12-054-21	2018	2014SBa	6	36	7	4	5	5	6	1.3	6	7	0	0	0	5	5	56.15396927	0
12-054-22	2017	2014SBa	6	35	7	5	5	5	5	1.2	5	6	40	0	0	4	5	54.12815773	0
12-054-22	2018	2014SBa	6	35	7	5	5	5	5	1.2	5	6	10	0	0	4	5	55.2694002	0
12-054-23	2018	2014SBa	6	34	7	4	5	5	6	1.3	5	7	0	0	0	6	6	56.56852488	0
12-054-23	2019	2014SBa	6	34	7	5	4	5	5	1.2	6	6	20	0	0	5	5	51.51215003	0
12-059-21	2017	2014SBa	7	17	7	5	6	5	6	1.3	5	6	0	0	0	5	5	52.01232608	10
12-059-21	2018	2014SBa	7	17	7	6	5	5	5	1.4	6	6	10	0	0	4	5	50.11568027	0
12-059-21	2019	2014SBa	7	17	7	5	4	5	6	1.2	5	5	10	0	0	5	5	51.38935839	0
12-059-22	2018	2014SBa	7	18	7	5	6	5	5	1.2	5	5	0	0	0	5	5	55.66205037	30
12-059-23	2017	2014SBa	7	19	7	4	4	5	5	1.2	5	5	33.33333333	0	0	4	5	51.11558157	10
12-059-23	2018	2014SBa	7	19	7	4	5	5	5	1.2	5	5	11.11111111	0	0	5	5	52.52762352	10
12-059-24	2017	2014SBa	7	20	7	5	6	5	7	1.5	5	5	77.77777778	0	0	4	5	43.17473956	10
12-059-24	2018	2014SBa	7	20	7	6	6	5	6	1.4	5	6	0	0	0	5	5	47.21471671	20
12-059-25	2017	2014SBa	7	21	7	5	6	5	6	1.3	5	5	60	0	10	4	5	50.03320421	0
12-059-25	2018	2014SBa	7	21	7	5	6	4	5	1.3	5	4	42.85714286	0	0	5	5	51.69441619	30
12-059-27	2017	2014SBa	7	23	7	5	5	5	4	1.1	5	5	12.5	25	0	5	5	54.52418097	20
12-059-27	2018	2014SBa	7	23	7	4	5	5	5	1.2	5	6	0	0	0	5	5	54.75800582	0
12-059-27	2019	2014SBa	7	23	7	4	5	5	5	1.2	5	6	0	0	0	6	5	58.31290224	0
12-059-28	2017	2014SBa	7	24	7	4	5	4	5	1.1	5	6	10	0	0	5	4	61.67785672	0
12-059-28	2018	2014SBa	7	24	7	5	5	5	5	1.1	5	5	0	0	0	4	5	57.95186409	10
12-059-28	2019	2014SBa	7	24	7	5	7	5	5	1.2	5	5	0	0	0	5	5	57.37523105	0
12-059-29	2017	2014SBa	7	25	7	5	5	4	5	1	5	5	20	0	0	5	5	59.2414665	0
12-059-29	2018	2014SBa	7	25	7	6	6	5	5	1.1	5	5	0	0	0	5	5	60.47051292	0
12-059-30	2017	2014SBa	7	26	7	5	5	5	6	1.4	5	5	22.22222222	0	0	5	5	50.17141315	10
12-059-30	2018	2014SBa	7	26	7	4	6	5	5	1.4	5	5	0	0	0	5	5	50.06415645	10
12-059-32	2017	2014SBa	7	28	7	5	5	5	5	1.2	5	5	70	0	0	5	5	51.85970961	0
12-059-32	2018	2014SBa	7	28	7	5	5	5	5	1.2	5	6	0	0	0	5	5	50.31091012	30